0.02044
0.020305
0.029782
0.049905
0.087598
0.165332
0.217954
0.341554
0.569409
1.06917
1.95758
19.4537
2.02922
1.95673
1.97544
1.98402
1.97893
1.96381
2.18059
2.08805
2.02538
2.0501
2.0269
2.20815
2.07574
2.25557
0.256572
0.543982
5.16019
3.41366
3.35963
2.18999
2.1392
3.32366
5.69534
10.2803
19.5577
21.6595
33.2106
57.5333
56.2321
0.215472
0.211251
0.204652
2.03147
2.0361
2.05187
0.077205
0.035401
0.035568
3.57708
3.47179
3.45665
2.02432
2.03756
2.02518
2.03951
2.05037
2.04078
2.02398
2.07505
2.04719
2.03053
2.05326
2.06762
2.02482
2.04598
2.04473
2.02677
2.04152
2.06927
2.08739
2.06941
2.04003
2.03921
2.02984
2.03337
1.83266
1.73168
2.05108
2.05724
2.07626
2.06186
2.03845
2.07846
2.03674
2.04227
2.05262
2.58201
2.56713
2.53263
2.56467
2.61243
2.57617
2.52669
2.54436
2.5472
2.57038
2.56437
2.55374
2.54389
2.52896
2.56389
2.56001
8.53668
4.48686
4.57097
4.53626
4.48648
4.48722
4.4984
4.52263
